Note that the DS10 IMU data seems to have failed near the end of the recording.

Roll [rad]	Pitch [rad]	Delta t [s]
-0.0820831	0.0992656	0
-0.0853556	0.0872665	0.254635
-0.0864464	0.077449	0.253801
-0.0864464	0.0763582	0.258584
-0.0809922	0.0785398	0.317562
-0.0755381	0.0872665	0.368177
-0.0711748	0.0938114	0.319169
-0.0755381	0.0970839	0.354753
-0.0809922	0.0938114	0.340899
-0.0842647	0.0829031	0.329997
-0.0853556	0.0730857	0.341247
-0.0842647	0.070904	0.349044
-0.0733564	0.0763582	0.342354
-0.0733564	0.0763582	0.34963
-0.0548123	0.0981748	0.322549
-0.0624481	0.0970839	0.330505
-0.0755381	0.0883573	0.319779
-0.0853556	0.0796307	0.33841
-0.0875372	0.0719948	0.33559
-0.0853556	0.070904	0.318279
-0.0755381	0.0763582	0.329638
-0.0646298	0.083994	0.324443
-0.0526307	0.0938114	0.303857
-0.0515398	0.0949023	0.303255
-0.050449	0.0938114	0.306703
-0.0559031	0.0872665	0.313206
-0.0613573	0.0796307	0.31262
-0.0679023	0.0719948	0.319618
-0.0722656	0.0719948	0.332926
-0.0722656	0.0741765	0.31624
-0.0700839	0.0829031	0.314451
-0.0646298	0.0938114	0.317613
-0.0548123	0.100356	0.297406
-0.0526307	0.0959931	0.306921
-0.0537215	0.090539	0.303565
-0.0613573	0.0763582	0.328714
-0.0668114	0.0698132	0.322381
-0.0668114	0.0698132	0.322176
-0.0657206	0.0730857	0.333784
-0.0537215	0.0850848	0.32128
-0.0428132	0.0959931	0.307893
-0.0428132	0.0949023	0.352046
-0.0471765	0.0916298	0.316433
-0.0613573	0.083994	0.329647
-0.0679023	0.0796307	0.35695
-0.0689931	0.0785398	0.326818
-0.0580848	0.0818123	0.362625
-0.0471765	0.0872665	0.317718
-0.0428132	0.090539	0.306184
-0.0482673	0.0916298	0.31206
-0.0493582	0.0916298	0.339521
-0.0591756	0.083994	0.305437
-0.0613573	0.0807215	0.347721
-0.0711748	0.0687223	0.320199
-0.0777198	0.064359	0.331265
-0.0777198	0.064359	0.318519
-0.0777198	0.064359	0.335807
-0.0777198	0.064359	0.319851
-0.0679023	0.0861756	0.323729
-0.0646298	0.0883573	0.317643
-0.0602665	0.0894481	0.332634
-0.0657206	0.0785398	0.312721
-0.0733564	0.0719948	0.342919
-0.0809922	0.0665407	0.327695
-0.0777198	0.0698132	0.344739
-0.0646298	0.0741765	0.3297
-0.0526307	0.0807215	0.32258
-0.050449	0.0818123	0.316225
-0.0580848	0.0818123	0.331496
-0.0657206	0.0796307	0.315078
-0.0809922	0.0741765	0.324549
-0.0919005	0.0698132	0.348816
-0.0919005	0.0698132	0.321803
-0.0831739	0.0741765	0.312465
-0.063539	0.0796307	0.333181
-0.0526307	0.0785398	0.313709
-0.0548123	0.0741765	0.339237
-0.0657206	0.0698132	0.31706
-0.0711748	0.0687223	0.3358
-0.0842647	0.0719948	0.317091
-0.0842647	0.0730857	0.328007
-0.0733564	0.0719948	0.3448
-0.0646298	0.070904	0.303878
-0.0515398	0.0741765	0.312786
-0.0428132	0.0785398	0.31
-0.043904	0.083994	0.302579
-0.0460857	0.083994	0.336199
-0.0668114	0.0807215	0.301657
-0.0777198	0.0741765	0.327601
-0.0799014	0.064359	0.343216
-0.0788106	0.064359	0.308977
-0.0679023	0.0665407	0.312212
-0.0537215	0.077449	0.317794
-0.050449	0.0807215	0.313148
-0.0537215	0.0829031	0.324515
-0.0591756	0.0807215	0.312736
-0.0646298	0.077449	0.310152
-0.0711748	0.0719948	0.344775
-0.0744473	0.0698132	0.33244
-0.0744473	0.0698132	0.334565
-0.0744473	0.0698132	0.321384
-0.0591756	0.0796307	0.309589
-0.0548123	0.0829031	0.309531
-0.0526307	0.0829031	0.310883
-0.0537215	0.0818123	0.322174
-0.0591756	0.077449	0.33385
-0.0657206	0.0719948	0.33187
-0.0700839	0.0719948	0.314063
-0.0657206	0.0741765	0.308559
-0.0580848	0.0796307	0.318743
-0.0537215	0.0829031	0.315335
-0.0515398	0.0850848	0.307814
-0.0515398	0.0850848	0.316369
-0.0471765	0.0829031	0.340849
-0.0515398	0.0796307	0.309221
-0.0602665	0.0741765	0.329982
-0.0679023	0.0741765	0.326317
-0.0657206	0.077449	0.332337
-0.0559031	0.0818123	0.324859
-0.0526307	0.083994	0.317582
-0.0395407	0.0883573	0.307147
-0.0384498	0.0872665	0.309384
-0.0384498	0.0861756	0.306097
-0.0515398	0.0730857	0.321709
-0.0580848	0.0719948	0.322237
-0.0602665	0.0741765	0.349425
-0.0548123	0.0829031	0.328867
-0.0428132	0.0916298	0.338079
-0.0362682	0.0938114	0.304905
-0.037359	0.0894481	0.312753
-0.0428132	0.083994	0.281741
-0.0460857	0.0796307	0.351278
-0.0493582	0.0752673	0.319527
-0.0515398	0.0763582	0.362157
-0.0493582	0.0785398	0.310241
-0.0428132	0.0818123	0.336141
-0.0351774	0.0850848	0.314454
-0.030814	0.0850848	0.299318
-0.030814	0.0861756	0.344513
-0.0384498	0.0861756	0.298077
-0.0395407	0.0861756	0.31838
-0.0460857	0.0872665	0.339783
-0.0515398	0.0872665	0.313597
-0.0493582	0.0872665	0.313967
-0.043904	0.0872665	0.326421
-0.0406315	0.0883573	0.336953
-0.030814	0.0894481	0.31715
-0.0297232	0.0916298	0.314106
-0.0340865	0.0916298	0.335482
-0.037359	0.0894481	0.317514
-0.0395407	0.0861756	0.310536
-0.0384498	0.0861756	0.339089
-0.0340865	0.0872665	0.337893
-0.0297232	0.0894481	0.311474
-0.0253599	0.090539	0.310685
-0.0231782	0.090539	0.315422
-0.0286324	0.0894481	0.315203
-0.0351774	0.0927206	0.310444
-0.0362682	0.0938114	0.322932
-0.0406315	0.0981748	0.316823
-0.0406315	0.0970839	0.307291
-0.0384498	0.0959931	0.306129
-0.0297232	0.090539	0.340538
-0.037359	0.0850848	0.325778
-0.0471765	0.083994	0.312746
-0.050449	0.083994	0.314515
-0.0602665	0.0872665	0.305841
-0.063539	0.0916298	0.310317
-0.0613573	0.0949023	0.317387
-0.0580848	0.0949023	0.315034
-0.0537215	0.090539	0.348315
-0.050449	0.083994	0.319246
-0.0493582	0.0796307	0.364316
-0.0482673	0.0796307	0.301809
-0.0526307	0.0872665	0.311476
-0.056994	0.0916298	0.319933
-0.0526307	0.0959931	0.317966
-0.043904	0.0959931	0.307633
-0.0351774	0.0938114	0.326582
-0.0286324	0.0894481	0.345176
-0.0340865	0.083994	0.320413
-0.0449948	0.083994	0.338015
-0.0580848	0.0872665	0.338136
-0.0668114	0.0916298	0.300475
-0.0689931	0.0927206	0.33274
-0.0668114	0.0927206	0.309033
-0.0646298	0.0927206	0.313159
-0.0526307	0.0927206	0.309
-0.0460857	0.0927206	0.309298
-0.0384498	0.0927206	0.319514
-0.0406315	0.0927206	0.311494
-0.0449948	0.0916298	0.312899
-0.0591756	0.090539	0.326667
-0.0766289	0.090539	0.330277
-0.0962639	0.0916298	0.345486
-0.108263	0.0949023	0.314941
-0.112626	0.0949023	0.34208
-0.102809	0.0938114	0.332319
-0.100627	0.0927206	0.317531
-0.0831739	0.0916298	0.336455
-0.0406315	0.090539	0.347369
-0.0133607	0.090539	0.28958
-0.00463409	0.090539	0.307264
-0.00681575	0.0883573	0.341858
-0.0111791	0.0883573	0.300295
-0.050449	0.0872665	0.320283
-0.0679023	0.0872665	0.321428
-0.0733564	0.0872665	0.327803
-0.0700839	0.0872665	0.301535
-0.063539	0.0861756	0.350381
-0.0406315	0.0872665	0.343911
-0.0253599	0.0872665	0.284533
-0.0220874	0.0861756	0.281408
-0.0220874	0.0861756	0.323777
-0.0220874	0.0861756	0.28192
-0.0209966	0.090539	0.299433
-0.0406315	0.0938114	0.306832
-0.0428132	0.0938114	0.303728
-0.0646298	0.0959931	0.301995
-0.0668114	0.0959931	0.294203
-0.0646298	0.0938114	0.292061
-0.0515398	0.0850848	0.299707
-0.037359	0.0818123	0.695208
-0.0460857	0.0992656	0.300382
-0.050449	0.0981748	0.342259
-0.0624481	0.0894481	0.329187
-0.063539	0.0872665	0.320372
-0.0449948	0.0861756	0.307058
-0.0297232	0.090539	0.297765
-0.0199057	0.0938114	0.28382
-0.0177241	0.0959931	0.279603
-0.0209966	0.0959931	0.29558
-0.0220874	0.0970839	0.285453
-0.0395407	0.0949023	0.302821
-0.0417223	0.0949023	0.307209
-0.0537215	0.090539	0.301998
-0.063539	0.0872665	0.300284
-0.0602665	0.0861756	0.296307
-0.0602665	0.0872665	0.30225
-0.0384498	0.0959931	0.285254
-0.0286324	0.0959931	0.278397
-0.0199057	0.0927206	0.281304
-0.0166332	0.0872665	0.286741
-0.0177241	0.0861756	0.288145
-0.0209966	0.0861756	0.282063
-0.0482673	0.090539	0.302542
-0.0602665	0.0927206	0.291989
-0.0646298	0.0916298	0.289711
-0.0602665	0.0916298	0.299765
-0.0526307	0.090539	0.305661
-0.0384498	0.0894481	0.298951
-0.0319049	0.0894481	0.287187
-0.0319049	0.0894481	0.311901
-0.0319049	0.0894481	0.269354
-0.0319049	0.0894481	0.272412
-0.0253599	0.0981748	0.303334
-0.0329957	0.0981748	0.29259
-0.0340865	0.0970839	0.294838
-0.0406315	0.090539	0.30073
-0.0406315	0.0916298	0.290919
-0.0395407	0.0949023	0.30834
-0.0384498	0.100356	0.287499
-0.0384498	0.101447	0.279431
-0.037359	0.10472	0.283666
-0.030814	0.10472	0.30436
-0.0275415	0.103629	0.280084
-0.0231782	0.102538	0.285844
-0.0253599	0.105811	0.295625
-0.0275415	0.106901	0.272607
-0.0329957	0.109083	0.292519
-0.0351774	0.107992	0.279892
-0.037359	0.106901	0.310145
-0.0395407	0.105811	0.283333
-0.0417223	0.105811	0.296492
-0.0417223	0.105811	0.278902
-0.0384498	0.110174	0.288454
-0.0362682	0.111265	0.288013
-0.0329957	0.111265	0.273207
-0.0329957	0.111265	0.286671
-0.0286324	0.107992	0.2841
-0.0275415	0.106901	0.280698
-0.0286324	0.105811	0.259601
-0.0275415	0.10472	0.282055
-0.0253599	0.103629	0.311711
-0.0231782	0.103629	0.280879
-0.0220874	0.10472	0.257849
-0.0231782	0.105811	0.274006
-0.024269	0.105811	0.275468
-0.0231782	0.10472	0.253844
-0.0220874	0.101447	0.296892
-0.0220874	0.0970839	0.30912
-0.0253599	0.0970839	0.312974
-0.0286324	0.0959931	0.305126
-0.0297232	0.0959931	0.330194
-0.0286324	0.0992656	0.303607
-0.024269	0.101447	0.300466
-0.0231782	0.102538	0.289955
-0.0209966	0.103629	0.29901
-0.0209966	0.103629	0.297163
-0.0297232	0.101447	0.306047
-0.0362682	0.0992656	0.315824
-0.0406315	0.0981748	0.306458
-0.0406315	0.0981748	0.313639
-0.037359	0.102538	0.307913
-0.0319049	0.103629	0.30192
-0.0275415	0.101447	0.30113
-0.0264507	0.101447	0.293239
-0.0264507	0.101447	0.31058
-0.0275415	0.0981748	0.311233
-0.0286324	0.0992656	0.321927
-0.0297232	0.102538	0.300756
-0.0329957	0.102538	0.302868
-0.037359	0.103629	0.322741
-0.0406315	0.10472	0.301926
-0.0406315	0.10472	0.298349
-0.0395407	0.102538	0.311045
-0.0329957	0.0992656	0.328041
-0.0297232	0.0992656	0.333073
-0.0297232	0.0981748	0.343827
-0.0340865	0.0992656	0.314613
-0.0329957	0.100356	0.309776
-0.0351774	0.100356	0.317109
-0.0406315	0.0981748	0.346837
-0.0406315	0.0981748	0.312489
-0.0406315	0.0981748	0.305321
0.027	0	0.357937
0.027	0	0.354247
0.027	0	0.368491
0.027	0	0.354852
0.027	0	0.362042
0.027	0	0.348392
0.027	0	0.342372
0.027	0	0.355938
0.027	0	0.331477
0.027	0	0.379666
0.027	0	0.347484
0.027	0	0.367538
0.027	0	0.350831
0.027	0	0.335587
0.027	0	0.341355
0.027	0	0.347676
0.027	0	0.357072
0.027	0	0.336329
0.027	0	0.362246
0.027	0	0.346548
0.027	0	0.352516
0.027	0	0.342688
0.027	0	0.343717
0.027	0	0.362525
0.027	0	0.370702
0.027	0	0.345502
0.027	0	0.363852
0.027	0	0.653953
0.027	0	0.359161
0.027	0	0.327899
0.027	0	0.349602
0.027	0	0.347468
0.027	0	0.363003
0.027	0	0.367431
0.027	0	0.371755
0.027	0	0.362277
0.027	0	0.343781
0.027	0	0.326409
0.027	0	0.346225
0.027	0	0.337021
0.027	0	0.376512
0.027	0	0.338351
0.027	0	0.358008
0.027	0	0.376915
0.027	0	0.431653
