Roll [rad]	Pitch [rad]	Delta t [s]
0.0237275	-0.00763582	0
0.027	-0.00436332	0.249587
0.0280908	-0.00109083	0.243225
0.027	0	0.237203
0.027	0	0.300861
0.0259092	-0.00109083	0.279531
0.020455	-0.00436332	0.29
0.0182734	-0.00763582	0.274447
0.0193642	-0.00981748	0.81892
0.0215458	-0.01309	0.273018
0.0237275	-0.00763582	0.316403
0.0237275	-0.00545415	0.287357
0.020455	-0.0109083	0.287512
0.0160917	-0.0174533	0.287848
0.0150009	-0.0185441	0.278509
0.00845588	-0.0185441	0.296819
0.00954671	-0.0152716	0.29503
0.01391	-0.0141808	0.278311
0.0193642	-0.0163625	0.295178
0.020455	-0.0174533	0.29707
0.020455	-0.0174533	0.277028
0.01391	-0.0163625	0.29254
0.00954671	-0.0174533	0.288112
0.0106375	-0.019635	0.285305
0.0117284	-0.0207258	0.286378
0.0117284	-0.0218166	0.285249
0.0128192	-0.0229074	0.281235
0.01391	-0.0239983	0.290388
0.0106375	-0.0239983	0.291901
0.00627421	-0.0207258	0.271377
0.00736505	-0.019635	0.297681
0.00627421	-0.0229074	0.28408
0.00627421	-0.0261799	0.289518
0.00736505	-0.0272708	0.298374
0.00845588	-0.0272708	0.28764
0.00845588	-0.0261799	0.283431
0.00845588	-0.0239983	0.291429
0.00627421	-0.0250891	0.294166
0.0193642	-0.0698132	0.321015
0.0193642	-0.0719948	0.326168
0.0215458	-0.0719948	0.337464
0.0215458	-0.070904	0.300629
0.0182734	-0.070904	0.297968
0.0182734	-0.070904	0.313185
0.0160917	-0.0719948	0.349529
0.0160917	-0.0741765	0.334909
0.020455	-0.0741765	0.337351
0.0226367	-0.0730857	0.287721
0.0193642	-0.0730857	0.34058
0.01391	-0.0741765	0.326251
0.0128192	-0.0741765	0.325098
0.0106375	-0.0763582	0.329014
0.0171825	-0.077449	0.330154
0.0215458	-0.0785398	0.320797
0.020455	-0.077449	0.298068
0.0171825	-0.0763582	0.330478
0.0128192	-0.0763582	0.33206
0.00627421	-0.077449	0.314855
0.00736505	-0.0796307	0.33463
0.0128192	-0.083994	0.328663
0.0117284	-0.0861756	0.323458
0.0117284	-0.083994	0.330811
0.0128192	-0.0796307	0.319368
0.0106375	-0.0785398	0.317273
0.00845588	-0.0818123	0.3224
0.00845588	-0.0872665	0.317799
0.00954671	-0.0894481	0.332427
0.00845588	-0.0861756	0.296741
0.00845588	-0.0829031	0.31909
0.00954671	-0.0829031	0.331097
0.00954671	-0.0861756	0.318043
0.00518338	-0.0894481	0.312095
0.00191089	-0.0894481	0.331952
0.00082006	-0.0916298	0.311624
0.00191089	-0.0927206	0.304956
0.00409255	-0.0894481	0.336248
0.00627421	-0.0872665	0.333891
0.00627421	-0.0894481	0.298194
0.00300172	-0.0938114	0.307404
-0.0013616	-0.0970839	0.30351
0.00082006	-0.0959931	0.312415
0.00300172	-0.0916298	0.317802
0.00409255	-0.0894481	0.330745
0.00409255	-0.090539	0.351029
0.00300172	-0.0959931	0.314655
-0.00245243	-0.0970839	0.326109
-0.00681575	-0.0981748	0.30968
-0.00681575	-0.0992656	0.314463
-0.00354326	-0.0970839	0.325043
-0.0013616	-0.0927206	0.321034
-0.00027077	-0.0938114	0.314226
-0.00027077	-0.100356	0.314834
-0.00245243	-0.106901	0.330663
-0.00572492	-0.105811	0.341989
-0.00790659	-0.0992656	0.439295
-0.00572492	-0.0992656	0.331282
-0.00681575	-0.102538	0.321237
-0.00463409	-0.10472	0.329309
-0.00354326	-0.10472	0.320954
-0.00681575	-0.102538	0.352669
-0.0100882	-0.100356	0.333066
-0.0155424	-0.102538	0.345799
-0.0177241	-0.109083	0.46804
-0.00463409	-0.111265	0.328804
-0.00463409	-0.105811	0.385482
-0.00899742	-0.102538	0.336149
-0.0122699	-0.10472	0.338387
-0.0133607	-0.111265	0.344665
-0.0122699	-0.113446	0.335027
-0.0144516	-0.111265	0.328644
-0.0177241	-0.110174	0.332162
-0.0188149	-0.111265	0.343101
-0.0166332	-0.114537	0.341758
-0.0133607	-0.116719	0.330631
-0.0144516	-0.115628	0.338439
-0.0177241	-0.115628	0.332488
-0.0199057	-0.116719	0.346711
-0.0188149	-0.11781	0.329114
-0.0177241	-0.115628	0.329934
-0.0133607	-0.112356	0.34028
-0.0155424	-0.114537	0.383665
-0.0231782	-0.122173	0.341633
-0.024269	-0.122173	0.337725
-0.024269	-0.118901	0.330759
-0.0220874	-0.116719	0.339537
-0.0209966	-0.118901	0.335332
-0.0220874	-0.122173	0.340664
-0.0231782	-0.123264	0.346065
-0.024269	-0.122173	0.328211
-0.024269	-0.122173	0.330297
-0.024269	-0.121082	0.350327
-0.0231782	-0.121082	0.341325
-0.0209966	-0.123264	0.321218
-0.0188149	-0.125446	0.323484
-0.0199057	-0.126536	0.334285
-0.0275415	-0.126536	0.360964
-0.0319049	-0.124355	0.339617
-0.0329957	-0.122173	0.339359
-0.0297232	-0.123264	0.326934
-0.0253599	-0.125446	0.334344
-0.0199057	-0.129809	0.346642
-0.024269	-0.1309	0.337042
-0.0286324	-0.129809	0.33196
-0.0297232	-0.127627	0.331335
-0.0319049	-0.125446	0.333994
-0.030814	-0.125446	0.322412
-0.0275415	-0.128718	0.337108
-0.0264507	-0.134172	0.363469
-0.0286324	-0.136354	0.327038
-0.0297232	-0.136354	0.324454
-0.0362682	-0.133081	0.337167
-0.0395407	-0.1309	0.333247
-0.0395407	-0.129809	0.323595
-0.0384498	-0.131991	0.337284
-0.0329957	-0.136354	0.342919
-0.0275415	-0.137445	0.327369
-0.030814	-0.139626	0.340384
-0.0362682	-0.140717	0.328656
-0.037359	-0.136354	0.33299
-0.037359	-0.131991	0.337236
-0.0362682	-0.131991	0.312488
-0.0351774	-0.136354	0.332265
-0.037359	-0.140717	0.329239
-0.0395407	-0.14399	0.321222
-0.0428132	-0.14508	0.325527
-0.0417223	-0.14508	0.321358
-0.0428132	-0.14399	0.334979
-0.043904	-0.140717	0.33765
-0.0449948	-0.137445	0.3297
-0.0428132	-0.139626	0.34001
-0.0384498	-0.142899	0.326155
-0.037359	-0.14508	0.316731
-0.0384498	-0.14399	0.319122
-0.0362682	-0.139626	0.326239
-0.043904	-0.139626	0.335693
-0.0493582	-0.140717	0.354822
-0.0449948	-0.14508	0.34355
-0.0406315	-0.14508	0.33863
-0.0395407	-0.141808	0.331273
-0.0428132	-0.141808	0.331476
-0.0482673	-0.147262	0.352615
-0.0471765	-0.149444	0.351484
-0.0428132	-0.14508	0.342338
-0.0384498	-0.140717	0.324227
-0.0417223	-0.141808	0.331554
-0.043904	-0.142899	0.330845
-0.050449	-0.149444	0.356899
-0.050449	-0.151625	0.343931
-0.0482673	-0.151625	0.354154
-0.0482673	-0.151625	0.348355
-0.0482673	-0.149444	0.344674
-0.0482673	-0.149444	0.337424
-0.050449	-0.151625	0.357795
-0.0526307	-0.152716	0.369093
-0.0548123	-0.155989	0.369374
-0.0559031	-0.153807	0.37037
-0.0537215	-0.152716	0.364216
-0.0471765	-0.151625	0.359728
-0.0460857	-0.153807	0.357562
-0.050449	-0.155989	0.349774
-0.0537215	-0.15817	0.363843
-0.0591756	-0.159261	0.356461
-0.0613573	-0.155989	0.359081
-0.056994	-0.155989	0.373362
-0.0559031	-0.159261	0.347494
-0.0548123	-0.163625	0.349696
-0.056994	-0.165806	0.368034
-0.056994	-0.163625	0.365713
-0.0559031	-0.159261	0.347928
-0.056994	-0.155989	0.357209
-0.0559031	-0.15708	0.347096
-0.056994	-0.161443	0.351484
-0.056994	-0.164715	0.351412
-0.0613573	-0.17017	0.34535
-0.0657206	-0.17017	0.335804
-0.0668114	-0.166897	0.34555
-0.0646298	-0.163625	0.423611
-0.0580848	-0.165806	0.346827
-0.056994	-0.169079	0.370416
-0.0613573	-0.17126	0.349635
-0.0689931	-0.17017	0.342112
-0.0711748	-0.166897	0.338453
-0.0668114	-0.163625	0.341055
-0.0646298	-0.164715	0.339111
-0.0537215	-0.169079	0.342293
-0.0591756	-0.172351	0.343698
-0.0646298	-0.17126	0.339814
-0.0722656	-0.17126	0.347518
-0.0722656	-0.173442	0.354206
-0.0657206	-0.174533	0.355349
-0.0624481	-0.172351	0.357875
-0.0613573	-0.17126	0.342725
-0.0646298	-0.17126	0.352728
-0.0646298	-0.172351	0.327598
-0.0668114	-0.17126	0.349008
-0.0689931	-0.17126	0.346793
-0.0733564	-0.174533	0.354815
-0.0711748	-0.178896	0.334759
-0.0679023	-0.179987	0.335944
-0.0679023	-0.177805	0.35237
-0.0700839	-0.177805	0.339248
-0.0744473	-0.178896	0.354148
-0.0744473	-0.175624	0.337144
-0.0722656	-0.174533	0.346799
-0.0711748	-0.172351	0.346887
-0.0700839	-0.175624	0.345393
-0.0733564	-0.178896	0.349451
-0.0744473	-0.178896	0.324085
-0.0722656	-0.176715	0.337588
-0.0722656	-0.176715	0.348827
-0.0722656	-0.179987	0.342021
-0.0722656	-0.182169	0.357998
-0.0733564	-0.181078	0.34074
-0.0788106	-0.178896	0.352286
-0.0831739	-0.179987	0.346226
-0.0842647	-0.18435	0.348402
-0.0820831	-0.186532	0.355675
-0.0788106	-0.18435	0.340511
-0.0755381	-0.182169	0.344764
-0.0733564	-0.18435	0.329678
-0.0755381	-0.186532	0.349768
-0.0820831	-0.187623	0.358071
-0.0842647	-0.18435	0.349117
-0.0853556	-0.18435	0.354341
-0.0842647	-0.187623	0.341902
-0.0831739	-0.190895	0.348145
-0.0831739	-0.189805	0.348334
-0.0864464	-0.188714	0.342971
-0.0908097	-0.189805	0.359322
-0.0897189	-0.191986	0.452203
-0.0831739	-0.191986	0.363677
-0.0831739	-0.194168	0.362363
-0.0853556	-0.194168	0.364551
-0.0875372	-0.191986	0.363537
-0.0908097	-0.189805	0.346457
-0.0908097	-0.190895	0.360011
